#The fit is: heating rate = A * t^(-alpha) SMOOTH
#[1] tau [ms]
#[2] specific entropy [k_B/baryon]
#[3] electron fraction
#[4] A [erg/s/g day^alpha]
#[5] alpha
#1           2           3            4               5
3.4145  1.8233e+00  2.0000e-02  2.10000000e+10  1.12000000e+00
3.4145  1.8233e+00  4.0000e-02  2.09735350e+10  1.12264650e+00
3.4145  1.8233e+00  6.0000e-02  2.08941399e+10  1.13058601e+00
3.4145  1.8233e+00  8.0000e-02  2.07618147e+10  1.14381853e+00
3.4145  1.8233e+00  1.0000e-01  2.05765595e+10  1.16234405e+00
3.4145  1.8233e+00  1.2000e-01  2.03383743e+10  1.18616257e+00
3.4145  1.8233e+00  1.4000e-01  2.00472590e+10  1.21527410e+00
3.4145  1.8233e+00  1.6000e-01  1.97032136e+10  1.24967864e+00
3.4145  1.8233e+00  1.8000e-01  1.93062382e+10  1.28937618e+00
3.4145  1.8233e+00  2.0000e-01  1.88563327e+10  1.33436673e+00
3.4145  1.8233e+00  2.2000e-01  1.83534972e+10  1.38465028e+00
3.4145  1.8233e+00  2.4000e-01  1.77977316e+10  1.44022684e+00
3.4145  1.8233e+00  2.6000e-01  1.71890359e+10  1.50109641e+00
3.4145  1.8233e+00  2.8000e-01  1.65274102e+10  1.56725898e+00
3.4145  1.8233e+00  3.0000e-01  1.58128544e+10  1.63871456e+00
3.4145  1.8233e+00  3.2000e-01  1.50453686e+10  1.71546314e+00
3.4145  1.8233e+00  3.4000e-01  1.42249527e+10  1.79750473e+00
3.4145  1.8233e+00  3.6000e-01  1.33516068e+10  1.88483932e+00
3.4145  1.8233e+00  3.8000e-01  1.24253308e+10  1.97746692e+00
3.4145  1.8233e+00  4.0000e-01  1.14461248e+10  2.07538752e+00
3.4145  1.8233e+00  4.2000e-01  1.04139887e+10  2.17860113e+00
3.4145  1.8233e+00  4.4000e-01  9.32892250e+09  2.28710775e+00
3.4145  1.8233e+00  4.6000e-01  8.19092628e+09  2.40090737e+00
3.4145  1.8233e+00  4.8000e-01  7.00000000e+09  2.52000000e+00
6.3096  1.8233e+00  2.0000e-02  1.70000000e+10  1.09000000e+00
6.3096  1.8233e+00  4.0000e-02  1.69735350e+10  1.09264650e+00
6.3096  1.8233e+00  6.0000e-02  1.68941399e+10  1.10058601e+00
6.3096  1.8233e+00  8.0000e-02  1.67618147e+10  1.11381853e+00
6.3096  1.8233e+00  1.0000e-01  1.65765595e+10  1.13234405e+00
6.3096  1.8233e+00  1.2000e-01  1.63383743e+10  1.15616257e+00
6.3096  1.8233e+00  1.4000e-01  1.60472590e+10  1.18527410e+00
6.3096  1.8233e+00  1.6000e-01  1.57032136e+10  1.21967864e+00
6.3096  1.8233e+00  1.8000e-01  1.53062382e+10  1.25937618e+00
6.3096  1.8233e+00  2.0000e-01  1.48563327e+10  1.30436673e+00
6.3096  1.8233e+00  2.2000e-01  1.43534972e+10  1.35465028e+00
6.3096  1.8233e+00  2.4000e-01  1.37977316e+10  1.41022684e+00
6.3096  1.8233e+00  2.6000e-01  1.31890359e+10  1.47109641e+00
6.3096  1.8233e+00  2.8000e-01  1.25274102e+10  1.53725898e+00
6.3096  1.8233e+00  3.0000e-01  1.18128544e+10  1.60871456e+00
6.3096  1.8233e+00  3.2000e-01  1.10453686e+10  1.68546314e+00
6.3096  1.8233e+00  3.4000e-01  1.02249527e+10  1.76750473e+00
6.3096  1.8233e+00  3.6000e-01  9.35160681e+09  1.85483932e+00
6.3096  1.8233e+00  3.8000e-01  8.42533081e+09  1.94746692e+00
6.3096  1.8233e+00  4.0000e-01  7.44612476e+09  2.04538752e+00
6.3096  1.8233e+00  4.2000e-01  6.41398866e+09  2.14860113e+00
6.3096  1.8233e+00  4.4000e-01  5.32892250e+09  2.25710775e+00
6.3096  1.8233e+00  4.6000e-01  4.19092628e+09  2.37090737e+00
6.3096  1.8233e+00  4.8000e-01  3.00000000e+09  2.49000000e+00
11.6590  1.8233e+00  2.0000e-02  1.50000000e+10  1.00000000e+00
11.6590  1.8233e+00  4.0000e-02  1.49735350e+10  1.00264650e+00
11.6590  1.8233e+00  6.0000e-02  1.48941399e+10  1.01058601e+00
11.6590  1.8233e+00  8.0000e-02  1.47618147e+10  1.02381853e+00
11.6590  1.8233e+00  1.0000e-01  1.45765595e+10  1.04234405e+00
11.6590  1.8233e+00  1.2000e-01  1.43383743e+10  1.06616257e+00
11.6590  1.8233e+00  1.4000e-01  1.40472590e+10  1.09527410e+00
11.6590  1.8233e+00  1.6000e-01  1.37032136e+10  1.12967864e+00
11.6590  1.8233e+00  1.8000e-01  1.33062382e+10  1.16937618e+00
11.6590  1.8233e+00  2.0000e-01  1.28563327e+10  1.21436673e+00
11.6590  1.8233e+00  2.2000e-01  1.23534972e+10  1.26465028e+00
11.6590  1.8233e+00  2.4000e-01  1.17977316e+10  1.32022684e+00
11.6590  1.8233e+00  2.6000e-01  1.11890359e+10  1.38109641e+00
11.6590  1.8233e+00  2.8000e-01  1.05274102e+10  1.44725898e+00
11.6590  1.8233e+00  3.0000e-01  9.81285444e+09  1.51871456e+00
11.6590  1.8233e+00  3.2000e-01  9.04536862e+09  1.59546314e+00
11.6590  1.8233e+00  3.4000e-01  8.22495274e+09  1.67750473e+00
11.6590  1.8233e+00  3.6000e-01  7.35160681e+09  1.76483932e+00
11.6590  1.8233e+00  3.8000e-01  6.42533081e+09  1.85746692e+00
11.6590  1.8233e+00  4.0000e-01  5.44612476e+09  1.95538752e+00
11.6590  1.8233e+00  4.2000e-01  4.41398866e+09  2.05860113e+00
11.6590  1.8233e+00  4.4000e-01  3.32892250e+09  2.16710775e+00
11.6590  1.8233e+00  4.6000e-01  2.19092628e+09  2.28090737e+00
11.6590  1.8233e+00  4.8000e-01  1.00000000e+09  2.40000000e+00
15.8490  1.8233e+00  2.0000e-02  1.80000000e+10  1.20000000e+00
15.8490  1.8233e+00  4.0000e-02  1.79735350e+10  1.20264650e+00
15.8490  1.8233e+00  6.0000e-02  1.78941399e+10  1.21058601e+00
15.8490  1.8233e+00  8.0000e-02  1.77618147e+10  1.22381853e+00
15.8490  1.8233e+00  1.0000e-01  1.75765595e+10  1.24234405e+00
15.8490  1.8233e+00  1.2000e-01  1.73383743e+10  1.26616257e+00
15.8490  1.8233e+00  1.4000e-01  1.70472590e+10  1.29527410e+00
15.8490  1.8233e+00  1.6000e-01  1.67032136e+10  1.32967864e+00
15.8490  1.8233e+00  1.8000e-01  1.63062382e+10  1.36937618e+00
15.8490  1.8233e+00  2.0000e-01  1.58563327e+10  1.41436673e+00
15.8490  1.8233e+00  2.2000e-01  1.53534972e+10  1.46465028e+00
15.8490  1.8233e+00  2.4000e-01  1.47977316e+10  1.52022684e+00
15.8490  1.8233e+00  2.6000e-01  1.41890359e+10  1.58109641e+00
15.8490  1.8233e+00  2.8000e-01  1.35274102e+10  1.64725898e+00
15.8490  1.8233e+00  3.0000e-01  1.28128544e+10  1.71871456e+00
15.8490  1.8233e+00  3.2000e-01  1.20453686e+10  1.79546314e+00
15.8490  1.8233e+00  3.4000e-01  1.12249527e+10  1.87750473e+00
15.8490  1.8233e+00  3.6000e-01  1.03516068e+10  1.96483932e+00
15.8490  1.8233e+00  3.8000e-01  9.42533081e+09  2.05746692e+00
15.8490  1.8233e+00  4.0000e-01  8.44612476e+09  2.15538752e+00
15.8490  1.8233e+00  4.2000e-01  7.41398866e+09  2.25860113e+00
15.8490  1.8233e+00  4.4000e-01  6.32892250e+09  2.36710775e+00
15.8490  1.8233e+00  4.6000e-01  5.19092628e+09  2.48090737e+00
15.8490  1.8233e+00  4.8000e-01  4.00000000e+09  2.60000000e+00
21.5440  1.8233e+00  2.0000e-02  2.25000000e+10  1.22000000e+00
21.5440  1.8233e+00  4.0000e-02  2.24735350e+10  1.22264650e+00
21.5440  1.8233e+00  6.0000e-02  2.23941399e+10  1.23058601e+00
21.5440  1.8233e+00  8.0000e-02  2.22618147e+10  1.24381853e+00
21.5440  1.8233e+00  1.0000e-01  2.20765595e+10  1.26234405e+00
21.5440  1.8233e+00  1.2000e-01  2.18383743e+10  1.28616257e+00
21.5440  1.8233e+00  1.4000e-01  2.15472590e+10  1.31527410e+00
21.5440  1.8233e+00  1.6000e-01  2.12032136e+10  1.34967864e+00
21.5440  1.8233e+00  1.8000e-01  2.08062382e+10  1.38937618e+00
21.5440  1.8233e+00  2.0000e-01  2.03563327e+10  1.43436673e+00
21.5440  1.8233e+00  2.2000e-01  1.98534972e+10  1.48465028e+00
21.5440  1.8233e+00  2.4000e-01  1.92977316e+10  1.54022684e+00
21.5440  1.8233e+00  2.6000e-01  1.86890359e+10  1.60109641e+00
21.5440  1.8233e+00  2.8000e-01  1.80274102e+10  1.66725898e+00
21.5440  1.8233e+00  3.0000e-01  1.73128544e+10  1.73871456e+00
21.5440  1.8233e+00  3.2000e-01  1.65453686e+10  1.81546314e+00
21.5440  1.8233e+00  3.4000e-01  1.57249527e+10  1.89750473e+00
21.5440  1.8233e+00  3.6000e-01  1.48516068e+10  1.98483932e+00
21.5440  1.8233e+00  3.8000e-01  1.39253308e+10  2.07746692e+00
21.5440  1.8233e+00  4.0000e-01  1.29461248e+10  2.17538752e+00
21.5440  1.8233e+00  4.2000e-01  1.19139887e+10  2.27860113e+00
21.5440  1.8233e+00  4.4000e-01  1.08289225e+10  2.38710775e+00
21.5440  1.8233e+00  4.6000e-01  9.69092628e+09  2.50090737e+00
21.5440  1.8233e+00  4.8000e-01  8.50000000e+09  2.62000000e+00
